#Time      R1        e_R1    R2        e_R2     R3       e_R3      R4     e_R4
   0.000  3830.00    61.89   965.00    31.06   329.00    18.14   120.00    10.95
   1.193  3743.00    61.18   946.00    30.76   312.00    17.66   113.00    10.63
   2.387  3632.00    60.27   896.00    29.93   291.00    17.06    97.00     9.85
   3.580  3652.00    60.43   913.00    30.22   287.00    16.94   114.00    10.68
   4.773  3504.00    59.19   874.00    29.56   286.00    16.91    90.00     9.49
   5.967  3316.00    57.58   862.00    29.36   235.00    15.33   107.00    10.34
   7.160  3320.00    57.62   811.00    28.48   261.00    16.16    83.00     9.11
   8.353  3269.00    57.18   816.00    28.57   261.00    16.16   103.00    10.15
   9.547  3208.00    56.64   762.00    27.60   244.00    15.62    59.00     7.68
  10.740  3054.00    55.26   745.00    27.29   224.00    14.97    86.00     9.27
  11.933  2905.00    53.90   725.00    26.93   242.00    15.56    81.00     9.00
  13.127  2940.00    54.22   749.00    27.37   239.00    15.46    95.00     9.75
  14.320  2859.00    53.47   702.00    26.50   221.00    14.87    88.00     9.38
  15.513  2783.00    52.75   655.00    25.59   196.00    14.00    69.00     8.31
  16.707  2744.00    52.38   655.00    25.59   205.00    14.32    76.00     8.72
  17.900  2615.00    51.14   676.00    26.00   219.00    14.80    76.00     8.72
  19.093  2619.00    51.18   673.00    25.94   212.00    14.56    73.00     8.54
  20.287  2575.00    50.74   629.00    25.08   191.00    13.82    65.00     8.06
  21.480  2559.00    50.59   648.00    25.46   196.00    14.00    58.00     7.62
  22.673  2432.00    49.32   598.00    24.45   182.00    13.49    85.00     9.22
  23.867  2314.00    48.10   545.00    23.35   176.00    13.27    57.00     7.55
  25.060  2155.00    46.42   528.00    22.98   153.00    12.37    64.00     8.00
  26.253  2282.00    47.77   558.00    23.62   178.00    13.34    55.00     7.42
  27.447  2172.00    46.60   581.00    24.10   165.00    12.85    65.00     8.06
  28.640  2143.00    46.29   533.00    23.09   178.00    13.34    61.00     7.81
  29.833  2096.00    45.78   535.00    23.13   190.00    13.78    68.00     8.25
  31.027  2048.00    45.25   497.00    22.29   156.00    12.49    56.00     7.48
  32.220  2021.00    44.96   512.00    22.63   154.00    12.41    41.00     6.40
  33.413  1963.00    44.31   468.00    21.63   156.00    12.49    65.00     8.06
  34.607  1876.00    43.31   509.00    22.56   124.00    11.14    55.00     7.42
  35.800  1829.00    42.77   501.00    22.38   146.00    12.08    41.00     6.40
  36.993  1892.00    43.50   453.00    21.28   143.00    11.96    48.00     6.93
  38.187  1839.00    42.88   457.00    21.38   140.00    11.83    45.00     6.71
  39.380  1874.00    43.29   477.00    21.84   139.00    11.79    54.00     7.35
  40.573  1696.00    41.18   437.00    20.90   141.00    11.87    46.00     6.78
  41.767  1663.00    40.78   453.00    21.28   142.00    11.92    47.00     6.86
  42.960  1632.00    40.40   444.00    21.07   134.00    11.58    42.00     6.48
  44.153  1631.00    40.39   400.00    20.00   121.00    11.00    44.00     6.63
  45.347  1610.00    40.12   394.00    19.85   112.00    10.58    44.00     6.63
  46.540  1630.00    40.37   376.00    19.39   123.00    11.09    45.00     6.71
  47.733  1495.00    38.67   379.00    19.47   133.00    11.53    39.00     6.24
  48.927  1516.00    38.94   381.00    19.52   114.00    10.68    38.00     6.16
  50.120  1469.00    38.33   347.00    18.63   119.00    10.91    39.00     6.24
  51.313  1489.00    38.59   362.00    19.03   104.00    10.20    36.00     6.00
  52.507  1432.00    37.84   336.00    18.33   124.00    11.14    43.00     6.56
  53.700  1438.00    37.92   358.00    18.92    83.00     9.11    56.00     7.48
  54.893  1380.00    37.15   345.00    18.57   111.00    10.54    27.00     5.20
  56.087  1321.00    36.35   334.00    18.28   112.00    10.58    42.00     6.48
  57.280  1287.00    35.87   330.00    18.17   110.00    10.49    31.00     5.57
  58.473  1253.00    35.40   310.00    17.61   100.00    10.00    35.00     5.92
  59.667  1206.00    34.73   290.00    17.03   101.00    10.05    43.00     6.56
  60.860  1223.00    34.97   289.00    17.00    94.00     9.70    37.00     6.08
  62.053  1166.00    34.15   285.00    16.88   103.00    10.15    33.00     5.74
  63.247  1204.00    34.70   327.00    18.08    79.00     8.89    36.00     6.00
  64.440  1191.00    34.51   281.00    16.76    75.00     8.66    41.00     6.40
  65.633  1160.00    34.06   294.00    17.15    93.00     9.64    32.00     5.66
  66.827  1100.00    33.17   253.00    15.91    89.00     9.43    22.00     4.69
  68.020  1106.00    33.26   296.00    17.20    94.00     9.70    27.00     5.20
  69.213  1075.00    32.79   262.00    16.19    75.00     8.66    32.00     5.66
  70.407  1054.00    32.47   205.00    14.32    63.00     7.94    33.00     5.74
  71.600  1000.00    31.62   258.00    16.06    75.00     8.66    30.00     5.48
  72.793  1001.00    31.64   283.00    16.82    68.00     8.25    39.00     6.24
  73.987   960.00    30.98   224.00    14.97    84.00     9.17    26.00     5.10
  75.180   944.00    30.72   267.00    16.34    77.00     8.77    29.00     5.39
  76.373   976.00    31.24   250.00    15.81    69.00     8.31    24.00     4.90
  77.567   957.00    30.94   222.00    14.90    76.00     8.72    19.00     4.36
  78.760   936.00    30.59   233.00    15.26    70.00     8.37    26.00     5.10
  79.953   982.00    31.34   209.00    14.46    69.00     8.31    21.00     4.58
  81.147   854.00    29.22   223.00    14.93    77.00     8.77    19.00     4.36
  82.340   899.00    29.98   224.00    14.97    77.00     8.77    21.00     4.58
  83.533   859.00    29.31   216.00    14.70    70.00     8.37    25.00     5.00
  84.727   805.00    28.37   210.00    14.49    61.00     7.81    28.00     5.29
  85.920   831.00    28.83   217.00    14.73    80.00     8.94    25.00     5.00
  87.113   821.00    28.65   203.00    14.25    56.00     7.48    24.00     4.90
  88.307   747.00    27.33   235.00    15.33    66.00     8.12    20.00     4.47
  89.500   799.00    28.27   195.00    13.96    78.00     8.83    23.00     4.80
  90.693   761.00    27.59   183.00    13.53    55.00     7.42    16.00     4.00
  91.887   787.00    28.05   187.00    13.67    75.00     8.66    25.00     5.00
  93.080   766.00    27.68   174.00    13.19    54.00     7.35    16.00     4.00
  94.273   716.00    26.76   181.00    13.45    66.00     8.12    25.00     5.00
  95.467   732.00    27.06   180.00    13.42    53.00     7.28    23.00     4.80
  96.660   700.00    26.46   188.00    13.71    54.00     7.35    14.00     3.74
  97.853   671.00    25.90   199.00    14.11    50.00     7.07    12.00     3.46
  99.047   735.00    27.11   169.00    13.00    51.00     7.14    14.00     3.74
 100.240   642.00    25.34   182.00    13.49    47.00     6.86    20.00     4.47
 101.433   633.00    25.16   172.00    13.11    46.00     6.78    21.00     4.58
 102.627   632.00    25.14   168.00    12.96    38.00     6.16    20.00     4.47
 103.820   588.00    24.25   155.00    12.45    49.00     7.00    17.00     4.12
 105.013   631.00    25.12   148.00    12.17    55.00     7.42    17.00     4.12
 106.207   609.00    24.68   160.00    12.65    39.00     6.24    14.00     3.74
 107.400   636.00    25.22   171.00    13.08    35.00     5.92    15.00     3.87
 108.593   613.00    24.76   148.00    12.17    52.00     7.21    17.00     4.12
 109.787   562.00    23.71   147.00    12.12    43.00     6.56    10.00     3.16
 110.980   583.00    24.15   142.00    11.92    52.00     7.21    17.00     4.12
 112.173   539.00    23.22   137.00    11.70    45.00     6.71    24.00     4.90
 113.367   544.00    23.32   150.00    12.25    36.00     6.00    15.00     3.87
 114.560   514.00    22.67   137.00    11.70    38.00     6.16    13.00     3.61
 115.753   536.00    23.15   147.00    12.12    37.00     6.08    16.00     4.00
 116.947   524.00    22.89   118.00    10.86    47.00     6.86    25.00     5.00
 118.140   488.00    22.09   120.00    10.95    36.00     6.00    15.00     3.87
