#  Time      R1      e_R1      R2      e_R2       R3     e_R3      R4       e_R4
   0.000  1418.00    37.66   363.00    19.05   119.00    10.91    50.00     7.07
   1.193  1348.00    36.72   327.00    18.08   110.00    10.49    35.00     5.92
   2.387  1306.00    36.14   357.00    18.89   118.00    10.86    38.00     6.16
   3.580  1274.00    35.69   343.00    18.52   107.00    10.34    33.00     5.74
   4.773  1198.00    34.61   306.00    17.49   109.00    10.44    34.00     5.83
   5.967  1136.00    33.70   290.00    17.03   110.00    10.49    29.00     5.39
   7.160  1106.00    33.26   261.00    16.16    87.00     9.33    19.00     4.36
   8.353  1050.00    32.40   246.00    15.68    78.00     8.83    35.00     5.92
   9.547  1041.00    32.26   261.00    16.16    84.00     9.17    36.00     6.00
  10.740   953.00    30.87   245.00    15.65    75.00     8.66    33.00     5.74
  11.933   916.00    30.27   233.00    15.26    72.00     8.49    30.00     5.48
  13.127   846.00    29.09   200.00    14.14    70.00     8.37    29.00     5.39
  14.320   832.00    28.84   179.00    13.38    61.00     7.81    33.00     5.74
  15.513   758.00    27.53   180.00    13.42    65.00     8.06    21.00     4.58
  16.707   767.00    27.69   168.00    12.96    69.00     8.31    19.00     4.36
  17.900   740.00    27.20   165.00    12.85    65.00     8.06    15.00     3.87
  19.093   716.00    26.76   172.00    13.11    60.00     7.75    25.00     5.00
  20.287   640.00    25.30   151.00    12.29    53.00     7.28    19.00     4.36
  21.480   613.00    24.76   153.00    12.37    43.00     6.56    20.00     4.47
  22.673   595.00    24.39   149.00    12.21    44.00     6.63    16.00     4.00
  23.867   562.00    23.71   120.00    10.95    44.00     6.63    18.00     4.24
  25.060   554.00    23.54   140.00    11.83    39.00     6.24    20.00     4.47
  26.253   535.00    23.13   135.00    11.62    40.00     6.32    16.00     4.00
  27.447   502.00    22.41   119.00    10.91    35.00     5.92    14.00     3.74
  28.640   447.00    21.14   133.00    11.53    38.00     6.16    10.00     3.16
  29.833   470.00    21.68   109.00    10.44    37.00     6.08    16.00     4.00
  31.027   410.00    20.25   128.00    11.31    30.00     5.48    18.00     4.24
  32.220   404.00    20.10    97.00     9.85    21.00     4.58    11.00     3.32
  33.413   414.00    20.35   100.00    10.00    37.00     6.08    12.00     3.46
  34.607   390.00    19.75   100.00    10.00    37.00     6.08     6.00     2.45
  35.800   340.00    18.44    82.00     9.06    29.00     5.39     7.00     2.65
  36.993   394.00    19.85    88.00     9.38    24.00     4.90    13.00     3.61
  38.187   343.00    18.52    79.00     8.89    24.00     4.90     9.00     3.00
  39.380   333.00    18.25    73.00     8.54    28.00     5.29     5.00     2.24
  40.573   272.00    16.49    81.00     9.00    24.00     4.90    12.00     3.46
  41.767   300.00    17.32    72.00     8.49    14.00     3.74     6.00     2.45
  42.960   276.00    16.61    66.00     8.12    23.00     4.80    12.00     3.46
  44.153   248.00    15.75    50.00     7.07    25.00     5.00     6.00     2.45
  45.347   255.00    15.97    62.00     7.87    20.00     4.47    15.00     3.87
  46.540   241.00    15.52    60.00     7.75    23.00     4.80     4.00     2.00
  47.733   237.00    15.39    51.00     7.14    11.00     3.32     7.00     2.65
  48.927   209.00    14.46    42.00     6.48    21.00     4.58     7.00     2.65
  50.120   202.00    14.21    63.00     7.94    12.00     3.46     5.00     2.24
  51.313   202.00    14.21    41.00     6.40    11.00     3.32    10.00     3.16
  52.507   190.00    13.78    42.00     6.48    13.00     3.61     4.00     2.00
  53.700   151.00    12.29    52.00     7.21    18.00     4.24     6.00     2.45
  54.893   164.00    12.81    46.00     6.78    14.00     3.74     6.00     2.45
  56.087   145.00    12.04    40.00     6.32    16.00     4.00     2.00     1.41
  57.280   172.00    13.11    45.00     6.71     9.00     3.00     5.00     2.24
  58.473   152.00    12.33    39.00     6.24    10.00     3.16     8.00     2.83
  59.667   154.00    12.41    27.00     5.20    13.00     3.61     8.00     2.83
  60.860   133.00    11.53    34.00     5.83    17.00     4.12     3.00     1.73
  62.053   139.00    11.79    17.00     4.12    10.00     3.16     2.00     1.41
  63.247   108.00    10.39    25.00     5.00     6.00     2.45     5.00     2.24
  64.440   113.00    10.63    33.00     5.74     9.00     3.00     4.00     2.00
  65.633   123.00    11.09    23.00     4.80    11.00     3.32     2.00     1.41
  66.827   121.00    11.00    18.00     4.24     3.00     1.73     2.00     1.41
  68.020   111.00    10.54    29.00     5.39    12.00     3.46     3.00     1.73
  69.213    96.00     9.80    20.00     4.47     7.00     2.65     6.00     2.45
  70.407    92.00     9.59    33.00     5.74    10.00     3.16     4.00     2.00
  71.600    87.00     9.33    25.00     5.00    11.00     3.32     7.00     2.65
  72.793    95.00     9.75    22.00     4.69    10.00     3.16     1.00     2.00
  73.987    94.00     9.70    18.00     4.24     5.00     2.24     0.10     5.00
  75.180    82.00     9.06    32.00     5.66     7.00     2.65     4.00     2.00
  76.373    64.00     8.00    21.00     4.58     5.00     2.24     3.00     1.73
  77.567    81.00     9.00    21.00     4.58     8.00     2.83     2.00     1.41
  78.760    71.00     8.43    18.00     4.24     2.00     1.41     2.00     1.41
  79.953    69.00     8.31    15.00     3.87     6.00     2.45     4.00     2.00
  81.147    58.00     7.62    17.00     4.12     4.00     2.00     3.00     1.73
  82.340    55.00     7.42    12.00     3.46     7.00     2.65     1.00     2.00
  83.533    37.00     6.08    16.00     4.00     2.00     1.41     1.00     2.00
  84.727    46.00     6.78    14.00     3.74     3.00     1.73     1.00     2.00
  85.920    52.00     7.21    14.00     3.74     2.00     1.41     1.00     2.00
  87.113    44.00     6.63    14.00     3.74     4.00     2.00     3.00     1.73
  88.307    50.00     7.07    18.00     4.24     2.00     1.41     1.00     2.00
  89.500    40.00     6.32    17.00     4.12     5.00     2.24     2.00     1.41
  90.693    41.00     6.40    11.00     3.32     3.00     1.73     2.00     1.41
  91.887    53.00     7.28    15.00     3.87     2.00     1.41     0.10     5.00
  93.080    38.00     6.16    12.00     3.46     4.00     2.00     0.10     5.00
  94.273    35.00     5.92     8.00     2.83     4.00     2.00     1.00     2.00
  95.467    25.00     5.00     6.00     2.45     3.00     1.73     3.00     1.73
  96.660    29.00     5.39     6.00     2.45     2.00     1.41     0.10     5.00
  97.853    34.00     5.83     6.00     2.45     4.00     2.00     0.10     5.00
  99.047    29.00     5.39    10.00     3.16     0.10     5.00     1.00     2.00
 100.240    27.00     5.20     2.00     1.41     3.00     1.73     1.00     2.00
 101.433    27.00     5.20     9.00     3.00     3.00     1.73     1.00     2.00
 102.627    34.00     5.83     6.00     2.45     1.00     2.00     1.00     2.00
 103.820    30.00     5.48     2.00     1.41     4.00     2.00     2.00     1.41
 105.013    20.00     4.47     8.00     2.83     1.00     2.00     0.10     5.00
 106.207    27.00     5.20     6.00     2.45     4.00     2.00     1.00     2.00
 107.400    28.00     5.29     4.00     2.00     3.00     1.73     0.10     5.00
 108.593    22.00     4.69     4.00     2.00     1.00     2.00     1.00     2.00
 109.787    23.00     4.80     6.00     2.45     3.00     1.73     0.10     5.00
 110.980    20.00     4.47     3.00     1.73     1.00     2.00     1.00     2.00
 112.173    29.00     5.39     8.00     2.83     1.00     2.00     0.10     5.00
 113.367    15.00     3.87     4.00     2.00     2.00     1.41     0.10     5.00
 114.560    12.00     3.46     5.00     2.24     3.00     1.73     0.10     5.00
 115.753    17.00     4.12     1.00     2.00     2.00     1.41     0.10     5.00
 116.947    19.00     4.36     9.00     3.00     0.10     5.00     1.00     2.00
 118.140    19.00     4.36     8.00     2.83     3.00     1.73     0.10     5.00
